  348 1421
 3696 2184
 5073 3819
 4786 4194
  783  432
  384 4464
  540  936
  807 5440
 5284 9528
  774  495
  651 3627
 1583 8277
  162  159
 2106 5238
 4941 3168
  106 4929
 1376  672
   12   54
  648  688
  205 6374
 4655 1911
  162   92
 2688 3920
  255 1428
 8185 9370
 4544 3584
 3450 2250
 3168 4128
 1798 2697
  168   88
  602 6278
 2790  180
  258 4116
 1416 2376
 5090 7742
 9972 4121
    6   61
 1292 1734
 1005 2183
 2268 7896
  398 1957
  540 1152
 2360 4956
 5518 9892
 1408 1694
  756 1656
 4139 9832
  136  120
 6410 9545
  620  372
 3086 2982
 7106 5637
 5238 1890
 8278 7443
  128  244
 3902 3255
 7519  707
 5680 2059
 3720 4774
 4164 6308
 2914 2449
  400 5576
 3713 2303
  658 2397
 1095  630
 6961 7106
 2747 2870
 1628 3441
 3040 1800
  156 1768
 3007 1612
 5550 8446
 5808 6412
 2613 5628
  837  310
 2600 6300
 2829 3955
 6216 4620
 1731 1873
 8859 3653
 4466 5162
  190  293
 9432 6085
 1080 1620
 2219 7484
 3320  188
 3128 9108
 3602  786
 6789  292
 2352  120
 1768 5200
  176 3784
 2470 7220
 3626 6586
 2408 3460
 8245 6984
 8575 7195
 7800 8498
 1833 3337
 9744 3194
