13733
 3077
18473
19224
 8803
11780
10818
14737
 9260
  403
 1642
13412
16530
12334
12710
 7716
 9249
 6395
11018
 5600
 1023
 5941
 8714
14003
 5960
13180
19701
18698
10027
 8921
18455
16571
 5877
 7476
 6856
  100
19384
 1893
17251
 3579
11756
 1967
 7897
13824
11228
12695
 9430
14286
 2457
19412
13375
 7593
12818
 6218
 9833
 4290
 1901
13360
17975
 2506
11657
 9180
16255
18119
12201
10925
 4805
13812
15236
 9515
15328
12427
 6329
 7862
 3507
17133
19292
 5980
14783
18137
 3746
 9237
 2533
  691
 5121
 4932
 5210
 7716
 9525
 9656
 5849
13044
 3268
15456
 8856
 1525
15309
 1457
 8339
 7200
 8305
 8733
11130
15471
11883
  889
 6257
12601
 8261
16161
 5431
18814
 7414
15253
 8439
 1311
 6923
 5286
14312
 9613
15799
14409
 2584
 6162
15293
17378
11505
 4906
 6434
11026
 6005
19498
18037
 2946
 3818
13871
13989
10497
 4555
 2589
10822
19768
  723
   28
 1109
 9201
 7024
 1714
 5020
16898
 9118
17804
 3698
17664
 6627
 3423
14882
18018
11232
10262
 8495
 6943
 1471
10566
11903
 9862
 7892
11217
 1181
 6534
14611
15316
 8806
10740
18040
10205
  527
 3182
 5608
14504
11321
19845
13921
13004
13712
  933
 4798
18168
 9453
14374
 9090
 8874
14723
13970
 6123
 8447
 1258
13987
 1798
 1419
19453
11321
 6714
 7697
 2149
 7734
 9284
11468
 2367
 7510
 5910
19934
17177
12789
16487
 8943
   28
  459
 6984
11268
12875
19644
11392
 7816
 7419
18590
 9935
18215
 4730
10414
 5268
15876
 9853
18315
 9380
 3959
10204
 1005
18112
 7469
17019
12393
 1411
 4717
15145
12253
 3405
10868
19570
16583
    0